4884
3928
3992
5939
9349
1757
338
1484
3082
5072
940
1729
603
3630
3354
9033
8903
4659
6701
4017
6267
1676
19
1934
4454
7453
5151
4384
3858
512
7371
574
8537
6633
1836
5965
3738
8648
7898
5823
2233
7804
598
3746
7
1550
5150
717
7108
8129
5503
3455
9145
6406
456
1677
1327
335
1546
2278
8157
1943
2410
1918
3329
1372
6148
5890
7486
1185
1044
4063
3181
7110
2257
903
6178
8982
5462
437
4260
7133
6641
241
4052
7103
240
3896
82
6407
5547
4185
430
1940
6577
543
2332
3227
984
4780
4199
1982
314
277
7385
5457
9031
4296
6548
9032
7212
3974
5839
6120
6218
5190
6371
2029
8371
5385
6615
9569
6021
5021
2500
508
7696
2086
7391
8700
6539
1775
4497
6262
8785
5004
2777
6731
2289
2664
1310
789
6195
5776
710
2770
8638
178
7991
2972
6283
4335
5624
8577
719
5522
9821
8277
4453
5856
5142
1210
8802
6932
8221
5658
558
4633
4121
4370
3204
619
7276
3336
4088
2005
3174
5029
7373
3588
8097
7798
3787
7340
542
6512
7180
3103
2744
896
3377
7040
5919
9231
352
8060
7328
6480
6560
581
5075
2647
5801
2661
3883
698
4536
7317
1475
4232
1413
6342
519
1703
1771
2955
1404
7662
6657
7003
3820
9883
9642
4632
6053
6852
2416
6357
4230
1698
3061
8282
6206
5510
1518
7041
1522
2371
8143
6331
5062
7850
5666
7315
8655
5435
6172
1234
9502
8550
2248
8671
9081
8591
5182
2766
4847
8393
8139
3813
7960
3148
3471
279
428
4782
7531
8590
8565
1600
9265
6248
6860
5005
1104
9916
3949
1472
9656
4553
2669
2907
8561
9478
9752
809
3602
8541
3944
4245
159
7634
5842
1997
2783
4173
589
7278
3048
1872
7894
2606
1830
4099
5436
3199
9359
3981
4013
696
252
9008
1619
9784
9330
52
8479
1593
5727
1755
6819
3699
5442
9491
1375
1914
8940
5542
2834
5513
1412
3580
7395
2450
1243
480
765
4183
6450
8727
6232
8113
5671
7583
5804
7649
761
1260
1429
9062
8454
1490
9721
1849
4356
5690
3228
7895
3853
2030
4069
1060
9969
239
2779
8761
9480
584
3733
9437
2617
9219
6886
5259
6339
514
106
6653
8262
7442
3742
9745
5456
3365
6266
2010
1094
255
1660
9303
1681
1102
261
3520
4318
6815
9938
3637
4895
3551
3526
1398
4564
679
7025
872
6838
9626
3429
6709
665
8033
5389
3379
6482
3688
810
1455
5888
4652
9716
6981
8090
4212
7318
8895
7554
6955
1545
2146
6125
5263
2784
2477
6042
9358
1697
5066
2472
8230
2239
8029
1443
86
9485
4593
7847
7843
4395
5409
4743
6069
6338
7981
5255
5017
2880
6150
9434
6714
6875
3909
2404
5447
6255
2074
6003
2515
7421
608
3234
6671
2394
8200
9781
8603
9221
9467
2684
6221
9837
9132
8432
1028
4494
6226
5041
4524
164
3768
302
5929
7432
2068
571
9223
5458
2935
322
9733
